no exons found by sw for ENSP00000303234  Macaca_mulatta
no exons found by sw for ENSP00000303234  Tarsius_syrichta
###########################################
ENSP00000303234
	 ENSE00001175013 KRQLEIWMEM 
	 ENSE00001156212 HPEVAAHTSCLQSITPHFIAGEMG 
	 ENSE00001156207 LASSVDPIPGL 
	 ENSE00001156203 KIRKEIHWIPLFTMWSWLQCVEDRSIAGIPKLEHG 
	 ENSE00001175004 LLNVCTSYSEYV 

	Choloepus_hoffmanni

	ENSEMBL gene pos:  scaffold_36773  4620  12051             
	        exons:
	4  25
	155  223
	3489  3558
	3515  3558
	4449  4697
	4633  4663
	4657  4620
	4710  4659
	4726  4714
	4735  4728
	4757  4737
	4803  4760
	4818  4806
	4835  4821
	4863  4840
	4882  4865
	4912  4886
	4926  4915
	8118  8170
	10717  10924
	10775  10917
	10854  10829
	10871  10856
	11134  10876
	11991  11978
	12045  11995
	12051  12049

	SWsharp gene pos: 
	3489  3558
	4449  4671
	4675  4681
	4684  4697

	Felis_catus

	ENSEMBL gene pos:  GeneScaffold_3499  209103  217941       
	        exons:
	59137  59223
	59351  59417
	169719  170022
	176183  176353
	177363  177737
	209140  209103
	209193  209142
	209209  209197
	209218  209211
	209240  209220
	209287  209243
	209349  209290
	209359  209357
	209401  209363
	209479  209405
	209496  209483
	210520  210490
	210547  210524
	210587  210553
	210601  210589
	210649  210605
	213088  213014
	216856  216826
	216902  216867
	216935  216904
	216970  216938
	217004  216972
	217030  217007
	217059  217033
	217064  217062
	217108  217067
	217116  217110
	217875  217863
	217889  217877
	217911  217891
	217925  217914
	217941  217927

	SWsharp gene pos: 
	169719  169770
	169771  169869
	169874  169946
	169947  169980
	169980  169990
	169990  170022
	176183  176197
	176200  176256
	176257  176333
	176336  176353
	177363  177416
	177417  177422
	177422  177433
	177433  177471
	177471  177481
	177481  177516
	177516  177528
	177528  177560
	177562  177594
	177598  177620
	177621  177629
	177630  177698
	177699  177737

	Gorilla_gorilla

	ENSEMBL gene pos:  14  30919138  30928122                  
	        exons:
	30769139  30769163
	30769164  30769263
	30769263  30769288
	30769288  30769344
	30769345  30769463
	30819139  30819213
	30820004  30820298
	30822589  30822664
	30826471  30826640
	30827765  30828124
	30919139  30919213
	30919496  30919138
	30920004  30920302
	30920790  30920622
	30922589  30922664
	30924672  30924598
	30926471  30926640
	30927257  30926960
	30927765  30928124
	30928122  30928049

	SWsharp gene pos: 
	30919139  30919213
	30920004  30920302
	30922589  30922664
	30926471  30926640
	30927765  30928124

	Macaca_mulatta

	ENSEMBL gene pos:  1099214624261  5624  20182              
	        exons:
	55  87
	76  108

	SWsharp gene pos: 
	

	Microcebus_murinus

	ENSEMBL gene pos:  GeneScaffold_3740  194575  204272       
	        exons:
	44580  44600
	44604  44693
	44691  44716
	44716  44771
	44835  44856
	95597  95630
	98576  98595
	102421  102444
	104240  104274
	131068  131135
	131903  132151
	135043  135120
	138899  139078
	140454  140756
	194607  194575
	194612  194611
	194642  194615
	194895  194793
	195088  195078
	195095  195093
	195127  195098
	195153  195130
	195187  195155
	196278  196257
	196297  196287
	196336  196301
	196351  196339
	196370  196354
	196383  196375
	196431  196387
	200247  200211
	200287  200250
	203204  203187
	203251  203206
	203308  203256
	203396  203310
	203424  203399
	203457  203427
	203466  203460
	204272  204196

	SWsharp gene pos: 
	131068  131135
	131903  131922
	131925  132085
	132089  132151
	135043  135081
	135083  135120
	138899  138978
	138980  139046
	139046  139054
	139054  139078
	140454  140717
	140719  140756

	Nomascus_leucogenys

	ENSEMBL gene pos:  GL397312.1  683291  693932              
	        exons:
	533292  533316
	533317  533416
	533438  533494
	533489  533607
	583292  583366
	584158  584456
	586791  586866
	592315  592480
	593585  593937
	683292  683366
	683377  683291
	683646  683381
	684158  684456
	684813  684762
	684913  684815
	684936  684917
	686791  686866
	692311  692480
	693066  692723
	693578  693937
	693932  693859

	SWsharp gene pos: 
	683292  683366
	684158  684216
	684219  684456
	686791  686866
	692311  692413
	692430  692480
	693578  693937

	Ochotona_princeps

	ENSEMBL gene pos:  GeneScaffold_4979  328810  336088       
	        exons:
	178908  178955
	178990  179049
	328814  328885
	328848  328810
	328855  328850
	328882  328859
	328896  328888
	328923  328898
	328928  328925
	328964  328932
	328982  328967
	329001  328994
	329029  329003
	329052  329032
	329059  329057
	329099  329061
	329596  329797
	329715  329710
	329742  329719
	329764  329746
	329776  329766
	329782  329780
	329877  329785
	335022  335194
	335093  335088
	335113  335096
	335126  335118
	335158  335129
	335201  335163
	335207  335205
	335264  335211
	335282  335267
	335304  335285
	335326  335307
	335338  335337
	335811  336122
	336088  336015

	SWsharp gene pos: 
	328814  328885
	329596  329615
	329617  329635
	329641  329702
	329705  329742
	329749  329797
	335022  335135
	335136  335170
	335172  335194
	335811  335841
	335869  335909
	335912  335930
	335938  335946
	335946  335957
	335957  335986
	335987  336027
	336028  336055
	336055  336058
	336058  336095
	336096  336122

	Pan_troglodytes

	ENSEMBL gene pos:  14  49003174  49012144                  
	        exons:
	48853175  48853199
	48853200  48853299
	48853299  48853324
	48853324  48853380
	48853381  48853499
	48903175  48903249
	48904040  48904338
	48906621  48906696
	48910502  48910671
	48911787  48912146
	49003175  49003249
	49003532  49003174
	49004040  49004338
	49004817  49004649
	49006621  49006696
	49008698  49008624
	49010502  49010671
	49011279  49010982
	49011787  49012146
	49012144  49012071

	SWsharp gene pos: 
	49003175  49003249
	49004040  49004338
	49006621  49006696
	49010502  49010671
	49011787  49012146

	Procavia_capensis

	ENSEMBL gene pos:  GeneScaffold_5659  15844  24500         
	        exons:
	2  99
	150  262
	15878  15844
	15952  15880
	15990  15955
	16000  15992
	16014  16004
	16024  16016
	16046  16026
	16084  16072
	16103  16092
	16131  16105
	16168  16133
	16189  16174
	16204  16192
	16227  16209
	16234  16233
	17638  17605
	17677  17642
	17685  17680
	17742  17689
	17767  17747
	24185  24176
	24202  24193
	24228  24204
	24251  24232
	24281  24254
	24333  24286
	24345  24336
	24363  24359
	24378  24367
	24412  24381
	24446  24414
	24500  24449
	81599  81614
	90202  90521
	90262  90290
	90370  90416
	96935  97095
	98584  98878
	98792  98850

	SWsharp gene pos: 
	81599  81614
	90202  90242
	90245  90260
	90265  90293
	90294  90349
	90349  90362
	90362  90423
	90427  90450
	90454  90508
	90509  90521

	Pteropus_vampyrus

	ENSEMBL gene pos:  GeneScaffold_2880  48527  54963         
	        exons:
	4  25
	29  119
	140  167
	175  288
	48561  48527
	48614  48563
	48630  48618
	48639  48632
	48659  48642
	48706  48662
	48728  48708
	48738  48730
	48779  48741
	48794  48782
	48800  48797
	49932  49860
	49946  49935
	50073  50054
	50111  50081
	50314  50294
	50322  50317
	53870  53801
	53895  53873
	53900  53898
	53934  53902
	54027  53936
	54036  54033
	54070  54038
	54079  54073
	54928  54889
	54951  54930
	54963  54955
	725750  725823
	725791  725823
	726651  726930
	730710  730853
	732007  732190
	732078  732179

	SWsharp gene pos: 
	725750  725780
	725781  725823
	726651  726668
	726668  726671
	726671  726680
	726689  726821
	726827  726832
	726841  726858
	726860  726930

	Tarsius_syrichta

	ENSEMBL gene pos:  GeneScaffold_6343  8900  19625          
	        exons:
	2  100
	61  360
	119  163
	129  146
	5494  5531
	7018  7144
	7022  7049
	7446  7500
	8920  8900
	8942  8925
	8974  8945
	9033  8977
	9044  9036
	9073  9047
	9102  9075
	9108  9107
	9137  9111
	9148  9140
	9157  9152
	9211  9159
	10483  10819
	12255  12234
	12259  12259
	12315  12303
	12342  12336
	12356  12346
	12396  12391
	12444  12440
	12669  12575
	16513  16439
	19336  19331
	19482  19345
	19556  19485
	19565  19559
	19587  19568
	19600  19591
	19625  19603

	SWsharp gene pos: 
	

	Tursiops_truncatus

	ENSEMBL gene pos:  GeneScaffold_3562  114942  122866       
	        exons:
	4  22
	22  76
	85  198
	57787  57929
	96736  96807
	103122  103292
	104406  104675
	115025  114942
	115030  115028
	115051  115034
	115080  115057
	115117  115083
	115124  115119
	115164  115127
	115179  115176
	115203  115185
	115211  115206
	115220  115215
	115236  115223
	115249  115238
	115317  115287
	115343  115321
	116355  116322
	116394  116359
	116422  116397
	116463  116424
	116486  116466
	122866  122807

	SWsharp gene pos: 
	96736  96807

	Vicugna_pacos

	ENSEMBL gene pos:  GeneScaffold_2626  76535  78040         
	        exons:
	2  58
	63  174
	51398  51508
	76572  76535
	76625  76574
	76648  76629
	76669  76651
	76717  76671
	76727  76719
	76738  76729
	76766  76743
	76786  76769
	76811  76788
	76827  76814
	76833  76829
	76878  76847
	76896  76883
	77943  77871
	77977  77946
	78040  77980
	191272  191333
	267215  267293
	795884  795956
	1409926  1410099
	1411104  1411450

	SWsharp gene pos: 
	191272  191300
	191300  191307
	191307  191333
	267215  267223
	267224  267293
	795884  795923
	795925  795956
	1409926  1409956
	1409960  1409968
	1409972  1409993
	1409995  1410099
	1411104  1411120
	1411120  1411133
	1411133  1411138
	1411139  1411179
	1411180  1411227
	1411232  1411240
	1411247  1411310
	1411315  1411333
	1411334  1411342
	1411343  1411411
	1411412  1411450
