# Summary of input and derived variables.
# Variable	Value
# Pdes	0.05
# Temperature range	300 - 322
# Number of water molecules	72714
# Number of protein atoms	11176
# Number of hydrogens in protein	~ 5738
# Number of constraints	~ 11176
# Number of vsites	~ 0
# Number of degrees of freedom	~ 676778
# Energy loss due to constraints	46.46 (kJ/mol K)
# Temperatures and Energies
# Temperature (K)	μ (kJ/mol)	σ (kJ/mol)	μ12 (kJ/mol)	σ12 (kJ/mol)	P12
1       300.00	-2873540	1695.10			
2	300.90	-2868487	1697.30	5051.8	2398.79	0.0500
3	301.80	-2863425	1699.50	5062.8	2401.90	0.0500
4	302.70	-2858351	1701.71	5071.1	2405.02	0.0501
5	303.60	-2853267	1703.92	5082.1	2408.15	0.0501
6	304.51	-2848171	1706.14	5093.1	2411.28	0.0500
7	305.42	-2843069	1708.36	5104.0	2414.42	0.0500
8	306.32	-2837957	1710.59	5115.0	2417.56	0.0500
9	307.24	-2832834	1712.82	5126.0	2420.71	0.0499
10	308.15	-2827698	1715.05	5134.3	2423.87	0.0500
11	309.06	-2822552	1717.29	5145.2	2427.03	0.0500
12	309.98	-2817397	1719.53	5156.2	2430.20	0.0500
13	310.90	-2812221	1721.79	5164.5	2433.38	0.0501
14	311.82	-2807040	1724.04	5175.5	2436.57	0.0501
15	312.75	-2801810	1726.32	5186.5	2439.76	0.0500
16	313.67	-2796607	1728.58	5197.4	2442.98	0.0500
17	314.60	-2791388	1730.85	5208.4	2446.19	0.0500
18	315.53	-2786174	1733.12	5219.4	2449.40	0.0500
19	316.45	-2780965	1735.39	5230.4	2452.61	0.0500
20	317.39	-2775729	1737.67	5241.4	2455.82	0.0500
21	318.32	-2770488	1739.95	5252.4	2459.05	0.0499
22	319.25	-2765230	1742.23	5263.4	2462.28	0.0499
23	320.16	-2760132	1744.45	5274.4	2465.52	0.0499
24	321.10	-2754848	1746.75	5282.6	2468.66	0.0500
25	322.04	-2749553	1749.06	5293.6	2471.91	0.0500
